4 8 15 13 9 16 2 7 14 12 3 6 11 5 10 1
15 13 10 4 8 16 3 5 9 2 7 1 6 12 11 14 
12 8 15 13 10 3 6 11 5 4 7 9 1 2 14 16 
15 14 12 7 13 9 1 2 3 5 10 6 8 16 4 11 
6 12 16 13 9 2 4 14 8 15 3 5 1 10 11 7 
15 14 11 5 10 3 6 12 7 13 9 2 4 8 1 16 
15 14 12 7 13 10 4 8 3 5 9 1 2 6 16 11 
11 6 16 10 5 9 2 4 8 15 14 12 3 13 1 7 
14 11 6 5 9 2 4 8 15 13 1 16 12 7 3 10 
3 6 12 7 13 9 2 4 14 8 15 16 1 5 10 11 
8 10 3 4 7 13 9 1 2 6 11 5 16 15 12 14 
11 5 10 3 9 1 2 6 12 14 16 15 13 4 7 8 
11 6 12 7 14 8 15 13 9 2 4 10 16 5 1 3 
15 13 10 3 5 6 12 8 16 4 7 14 9 1 2 11 
6 12 8 16 15 13 9 2 4 10 3 11 7 14 5 1 
1 2 4 8 16 15 13 10 3 6 12 9 14 11 5 7 
10 16 3 6 12 7 5 11 9 1 2 4 8 15 14 13 
16 15 13 10 4 7 9 1 2 3 5 6 11 8 14 12 
8 15 13 10 16 6 11 5 12 3 14 9 1 2 7 4 
15 13 9 2 3 6 12 7 14 1 5 10 4 8 16 11 
5 9 2 4 8 16 15 13 1 7 10 3 6 12 14 11 
6 12 8 15 14 13 9 1 2 3 7 4 10 11 5 16 
16 15 14 12 7 13 10 3 5 4 8 9 1 2 6 11 
6 11 12 7 14 5 9 1 2 4 13 10 8 16 15 3 
5 10 16 8 15 14 11 12 7 13 9 1 2 3 6 4 
15 13 10 3 5 4 7 8 16 9 2 14 12 11 1 6 
12 8 16 15 14 13 10 4 11 6 9 2 3 5 7 1 
1 2 4 7 13 10 14 12 8 16 15 9 3 6 11 5 
4 10 8 15 14 12 7 13 9 1 2 3 6 11 5 16 
15 13 9 1 2 4 8 14 11 16 7 10 12 3 6 5 
15 14 11 6 12 8 5 9 2 4 16 13 3 1 7 10 
3 5 10 4 8 15 13 9 2 1 6 11 7 12 16 14 
